1.810434290132515445e-01
6.176401730406787527e-01
3.274910624369925527e-01
3.574653692093757718e-01
8.452675406884285758e-02
1.194769220189506598e-02
3.748637521581580367e-01
6.396450465499011750e-01
2.081930499019472580e-01
6.960386453764906278e-01
5.998331936333705094e-01
4.730395298871073462e-01
5.358175429731903971e-01
1.141892270097384365e-01
3.171962935947869600e-01
1.495481016051055101e-01
2.786650590835433872e-01
3.213725588349293227e-01
3.960873546270567980e-01
1.029858441563058502e-02
9.504733077961683430e-01
2.533202458447947336e-01
4.505656571422191892e-01
2.101627654551759261e-01
1.492137587962177325e-01
3.929646205897839306e-01
1.811890822199295203e-01
1.851006834000806789e-01
2.495698125882989116e-01
1.663089908260302341e-01
7.559540602770564721e-02
4.267701275579101061e-01
2.497840028254023070e-01
5.367385402123404647e-01
7.834103717516270882e-01
2.790193765559605410e-01
2.415659355637319594e-01
5.879254572138556956e-01
3.441971194634982911e-01
4.036872715787098720e-01
2.453353504747318725e-01
1.556530811551748439e-02
1.763657719049670503e-01
4.178673839584103322e-01
3.126504213922299824e-01
4.838436640247918974e-01
7.975289330960719791e-01
5.847664574716182617e-02
3.405054320120239342e-01
2.305770128807511088e-01
3.479786500560649309e-01
2.992650005406625180e-01
8.712545024771839453e-02
2.045158455203277548e-01
3.296092230340404994e-01
8.009534613899649269e-01
5.036490842623485564e-01
1.256478812748839657e-01
5.188691799956133277e-01
6.764281512108272221e-01
3.223225797268198800e-01
5.709144594258290795e-01
5.090304607914593049e-01
3.616656624748352256e-01
6.008987305452748728e-01
3.233719373147485032e-01
4.561196237749248206e-01
2.868430249309433799e-01
4.985694431861671938e-01
2.064866611119977602e-01
3.057920423226894169e-01
1.577113627766554282e-01
3.865309570146316931e-01
3.150973960874290380e-01
3.762016808859341976e-01
2.713951021080459047e-01
5.608861552433145325e-01
7.632269140497554005e-01
2.595162714477631805e-01
6.026782701598276670e-02
6.256763098623396857e-01
2.843555062367886799e-01
4.809480059278660180e-01
1.958341894990375809e-01
4.872945273585233550e-01
2.605286135291200456e-01
3.075689124591882706e-01
4.067364778734853248e-01
2.697593205896735014e-01
8.198406516603304883e-01
1.560835789175181176e-01
5.156215417716820681e-01
4.291659989096619499e-01
3.555923027152533833e-01
2.747806769618029721e-01
4.907038166078021013e-01
2.323309886077679076e-01
5.136754185015161012e-01
5.333289084781782652e-01
2.183856978479569166e-01
4.284731027959723382e-01
4.272059171940142397e-01
1.894417496658544753e-01
2.426314674424588924e-01
3.264347476974543416e-01
4.127491297881751287e-01
2.560361797869281641e-01
1.610833408408156586e-01
3.269770804615100834e-01
2.527607764377475252e-01
2.979038246779259769e-01
3.244687558662610050e-01
6.302241645726363029e-01
3.427449230270522840e-01
2.903418710256155943e-01
5.388947722509260796e-01
4.766587358660248630e-01
2.573075664700370524e-01
7.267112168507717795e-01
3.668345477601199223e-01
-4.682465641706756720e-02
1.046645729396000757e-01
2.119532104861229227e-01
3.770381229376413290e-01
3.300899503679561864e-01
5.988657092837152973e-01
2.891980088192045439e-01
2.624446533874795762e-01
2.486419240705238787e-01
1.909040595715725819e-01
3.738141855715497730e-01
3.097553600505392746e-01
6.768870080354794094e-01
4.766163656932334014e-01
1.430325174064046578e-01
1.251777574081168187e-01
5.188928842592331891e-01
4.603934631466425342e-01
3.955008418865760822e-01
4.841514295056105754e-01
3.226269605533361728e-01
2.481897189296445871e-01
7.307056905621679421e-01
4.951198082439007830e-01
2.909069250211322455e-01
3.461184299243504903e-01
2.798496096082501716e-01
2.065926979218448700e-01
2.276962145975562901e-01
4.624185924041986917e-01
5.719690304970297401e-01
7.418722884470579926e-01
4.570953374079548270e-01
6.358239373165074371e-01
7.282463765108259102e-01
3.372757533329497903e-01
1.682857712217621926e-01
2.408902556518822680e-01
5.011194280512080157e-01
1.905398988359034429e-01
5.246456488666686457e-01
3.905259624952873709e-01
5.216227324420067424e-01
1.707907601577423051e-01
2.286415727114656793e-01
4.563133874402994228e-01
6.045173993980529348e-01
1.371060726987100020e-01
5.970689022289339398e-01
4.427703392236166380e-01
7.661654923739202872e-02
3.741400963591056672e-01
7.779659849246913783e-01
2.748922276505560980e-01
9.477594595475247186e-01
7.832344792903462860e-01
7.100721076113079011e-01
4.629911901704990007e-01
2.500599256580268159e-01
3.626367890247113590e-01
5.589615767192638307e-01
8.996434457024492515e-01
3.051492024817665238e-01
6.807902366058438126e-02
2.072609738589586970e-01
4.282002522940013822e-01
7.106953155634343489e-02
5.702272365031718637e-01
3.384137534031854688e-01
1.547086710538504439e-01
3.412483080640758004e-01
6.513120303276085377e-01
3.926516387044147738e-01
3.389466762556381241e-02
4.268116795070412417e-01
9.972930186109285611e-02
3.852828437902428571e-01
9.085656704238513903e-01
3.003319875472797440e-01
3.590789502807282263e-01
2.056036224264878864e-01
3.458600023306281912e-01
1.625901923647308234e-01
1.312387350444017553e-01
3.601390143283064171e-01
4.081847070237138442e-01
1.913302723945071171e-01
3.132142302351198504e-01
5.206607135019859500e-01
2.112348709011614978e-01
4.623573051687844271e-01
3.771251025901631304e-01
2.735014117859514426e-01
4.283380139044805635e-01
4.419071662702526715e-01
8.797920173648288156e-02
1.571110411111505401e-01
5.446234112588013154e-01
6.533545249320289461e-01
3.091568031247348136e-01
7.941144927600050085e-01
8.544850257885285849e-01
2.723408808334932263e-01
2.019207155629366146e-01
4.366689990498889840e-01
6.001980639426174324e-01
2.419318153968398333e-01
7.927907994289244975e-01
3.822743291141502686e-01
2.466719118293248525e-01
5.732333479986971847e-01
2.559072763118706018e-01
4.515491966558300985e-01
7.525112970943208524e-01
5.987729901732311566e-01
2.928904943029292385e-01
4.931968343405482291e-01
8.220546698232624738e-01
9.802746730555716992e-02
2.958938587773823348e-01
8.300142462465021076e-02
9.206340732786122416e-02
5.982746860435796954e-01
7.002683436890504431e-01
4.867061267444361961e-01
8.062957298461912448e-01
2.910121528176478067e-01
4.786035533827708299e-01
4.743256897849064124e-01
6.081484764273187293e-01
5.941306343835058845e-01
5.154548499964705099e-01
1.408421031128809231e-01
4.473184688103852280e-01
3.769507529498867804e-01
7.901092147257762210e-01
4.453389500514404187e-01
3.544299198351005820e-01
1.920495127417516379e-01
4.520065539074392125e-01
4.853875222325348959e-01
4.462876418202112450e-01
1.364513908383923058e-01
4.264792540648063568e-01
1.416748421322318041e-01
4.975500611570071174e-01
6.835721418906089974e-01
7.652770161322552944e-02
2.426897192011790994e-01
4.904983997220436764e-01
2.445444309336340383e-01
2.216325890201245041e-01
1.332464160548507137e-01
1.090319181715870278e-01
6.409030400168311825e-01
1.752670529330504490e-01
4.478231703479965131e-01
2.511032499696260745e-01
1.640798867179871778e-01
2.609018887308071077e-01
1.643996681434275464e-01
2.358732189193673001e-01
6.238634279923132020e-01
1.764204239604292845e-01
7.887651279872590626e-01
3.046823525272174260e-01
2.438533168513459248e-01
2.409697641754003916e-01
5.414358320984087314e-01
2.635170724731446534e-01
4.138061743268668935e-01
1.936873232561552305e-01
5.517079549356123103e-01
2.397891558011752133e-01
5.855845950870428585e-01
1.795030586915415949e-01
6.010448865925295259e-01
1.474015581554477539e-01
1.536170190432778471e-01
3.533300273410547865e-01
3.348428811687610973e-01
2.354255030821093553e-01
5.072578338209745574e-01
3.378974505558500763e-01
2.801839064950734093e-01
1.683119474306923880e-01
5.629597680580102903e-01
7.017825709864079498e-01
3.035986499766918922e-01
1.900434528913049759e-01
4.346407298022350041e-01
4.880839455201638755e-01
3.084836934369385997e-01
3.468839905970799720e-01
2.950493302144835406e-02
4.824192463991439084e-01
4.454854773695106629e-01
4.853421500205555850e-01
3.133836123448172084e-01
6.057331977698356962e-01
5.079345483989964327e-01
3.001128505582679740e-01
3.806809409941304123e-01
4.982604113151903880e-01
6.632582683353417385e-01
2.618961186242084183e-01
1.240030297846720919e-01
2.323309886077679076e-01
5.833173149849597561e-01
7.641874096896014157e-01
2.798332531662272027e-01
5.365097926253447058e-01
3.176337730870583687e-01
2.621288957894855054e-01
6.755492287486170033e-02
-6.126223742191738708e-02
2.560695926289699442e-01
5.987740910893488699e-01
6.350249086287546030e-01
5.630607607814341886e-01
4.554978836025345146e-01
4.996779835329840935e-01
3.438424153752225321e-01
8.851015256677884357e-01
2.191001188214112272e-01
6.164394801105167465e-01
1.530160052147282457e-01
3.248761784622952176e-01
2.328821421194594010e-01
5.943267535871717966e-01
1.394801291938188581e-01
2.176715884840256798e-01
2.470219816106228317e-01
4.990925572515637620e-01
3.648275090328660930e-01
3.656215653450599623e-01
4.391848874832422478e-01
8.116001711396914065e-01
2.106586458788020089e-01
4.436320044878998003e-01
5.210720440496714456e-01
5.455039400459545940e-01
3.323036444104856546e-01
4.416860968491690409e-01
1.899847177912329932e-01
5.812333631505299802e-01
6.822903035010405848e-01
4.014833614688165797e-01
2.117728518719502739e-01
5.151773321137388395e-01
2.436998133435058778e-01
2.707037189617623185e-01
3.036313043625421537e-01
4.058447393721430485e-01
2.952055047921495756e-01
5.255256022572105667e-01
8.061304936442398317e-02
9.509637344220631672e-01
1.003633197506104135e-01
5.075157887729730977e-01
2.625129720457163307e-01
4.016088071872054854e-01
9.327379170148346610e-01
4.813651019959111488e-01
5.646276777447010176e-01
7.071572792268264740e-01
4.063822948764967413e-01
2.884040414743779257e-01
6.046159053738140443e-01
4.600202902532435356e-02
8.433414557688696522e-01
4.023055311926083677e-01
5.775850557689735654e-01
4.874983248818904324e-01
6.275344202179437003e-01
4.656651918006861068e-01
2.048324087228931001e-01
5.481932994722149566e-02
3.498991145568977612e-01
2.385124942417241045e-01
2.588474301221581619e-01
9.150351110966004065e-02
1.713625377881141110e-01
4.009108435290284489e-01
4.732238679534573333e-01
2.254851058359906846e-01
7.233013895501649859e-01
2.811440319374913788e-01
6.476161213393668570e-01
2.364649636408624467e-01
5.334376601241744842e-01
5.720051901777446490e-01
2.466885286172790237e-01
1.388299626872648296e-01
2.050484334865353975e-01
6.499891437474124567e-01
5.881918552598692784e-01
3.853489571332666119e-01
6.705037605077984741e-01
2.305785956050925289e-01
6.023848302824461598e-01
4.892977837484421832e-01
6.552085164928918015e-01
1.537587187808540645e-01
2.396348600543920515e-01
6.536797350915075633e-01
1.856962347210239228e-01
2.864399737487222097e-01
1.094219582965329507e-01
9.961060334898030888e-02
3.468764786477346318e-01
2.926023992797132656e-01
2.871269040067904732e-01
3.433307499619094871e-01
1.590828770512315860e-01
4.817181048918046105e-01
2.969040423161335429e-01
6.310599254157256421e-02
4.091576176193599812e-01
5.234143805272901684e-01
1.136935629858317753e-01
1.223759852764627620e-01
4.911158233843371246e-01
3.932405921737185395e-01
2.616429257574846567e-01
3.162001205432166673e-01
3.802817863341531046e-01
4.066364135972817540e-01
5.048791955149153354e-01
3.996181937347421109e-01
4.212669247164084751e-01
3.026924211801763076e-01
3.860110331814778362e-01
7.807102261428866541e-02
2.337313813914070337e-01
4.047452191165315516e-01
3.969564861761066266e-01
7.401187097452417429e-01
4.230713625818302015e-01
9.325642391284427735e-02
8.318753256200428492e-02
4.806953571759876587e-01
3.010019322190715663e-01
5.478370295860072181e-01
3.456454946337207956e-01
4.713964966965508707e-01
2.120046840433331692e-02
9.982857901853831040e-02
4.416732953674760709e-01
8.948662551193673487e-01
1.266327478169034793e-01
5.193134202946877442e-01
3.399052904358697003e-01
4.922127935281425115e-01
1.581498228532730588e-01
2.844968020290686850e-01
3.726553719785193342e-01
5.091124216442135531e-01
5.282145108697913205e-01
4.721929208824144908e-01
5.835802664434224241e-01
7.492758262961927151e-01
2.742933058674934532e-01
5.432626679619414478e-01
5.139676001806573469e-01
5.509204984040833031e-01
5.540478084569547823e-01
3.041843893563463408e-01
4.991868134312960059e-01
1.382975455149990096e-01
3.991248563329985455e-02
4.410003719349994133e-01
8.484524384857118351e-01
5.857015374694013454e-01
3.465350002119743644e-02
2.803919726713755001e-01
6.973724130787178899e-01
2.835115554681495453e-01
7.727520729579089309e-01
8.240382604523752708e-01
5.531710652186438981e-01
2.303327749940167202e-01
6.660334236227249960e-02
3.747781972438349318e-01
9.015359438036640860e-02
2.563261322233778561e-01
5.727812919888192189e-02
1.258791605310987660e-01
3.395542275528902754e-01
4.239824557410329930e-01
3.507478680795717008e-01
2.672385739555568351e-01
2.563298418369459597e-01
4.578795030349089856e-01
8.202473887813861442e-01
2.298063732045071972e-01
2.868430249309433799e-01
4.613882893888738845e-01
4.103455099733600009e-01
4.735675143726945091e-01
7.973661271788214933e-01
4.144452578760965955e-01
5.024224369311870442e-01
4.387911113688498510e-01
9.749715581401013909e-02
6.980700596699382920e-01
8.553048620772474298e-02
1.638592433739067822e-01
3.490744998309222580e-01
5.618065062435173562e-01
2.370312578315158514e-01
3.255085859187948349e-01
4.483592654509388487e-01
4.341326581190380063e-01
2.180371015892075270e-01
4.822878336527496868e-01
7.907361797020088234e-01
5.496611631910204299e-01
4.302416382597378242e-01
1.211226102346481537e-01
7.532230739832351807e-02
3.181006558390148120e-01
4.198641787814797466e-01
3.222149114121335423e-01
2.454427759013746990e-01
3.760397418756196153e-01
2.715022270363941503e-01
6.019282147269847671e-01
2.028160079747358124e-01
4.664978865525026830e-01
2.889018758902239803e-01
6.578892640892602950e-01
3.508114869356490084e-01
4.585058067501022183e-01
2.000723828003302396e-01
4.760422883585384568e-01
1.833870001708733932e-01
5.222420394447645497e-01
4.837855425560531608e-01
2.258462356961341566e-01
5.881705794715313962e-01
5.242205667799449964e-01
6.810178837239533323e-01
1.705957351604305838e-01
1.260537738600440161e-01
3.638134947044622258e-01
3.426090653559490384e-01
7.699904971543636290e-01
6.199239748553933005e-01
1.311241200999768708e-01
5.089094415154314932e-01
4.362059474978114970e-01
2.499806530977498054e-01
2.627171773546103095e-01
1.241046846729931818e-01
8.284811337735513703e-01
6.757180811641563256e-01
5.182068668082752128e-01
1.632989089314679787e-01
3.414084806552489249e-01
3.705153665372229455e-02
3.161587262495578199e-01
5.261830870275888694e-01
4.320319185645847826e-01
6.686208630436119016e-01
5.168167586174565731e-01
6.464004793539328553e-01
3.286757910071668731e-01
2.008943448735091009e-01
3.698605046161522747e-01
5.035576209990236807e-01
4.085252057669741532e-03
6.159744910416098396e-01
1.936873232561552305e-01
5.424429849493510591e-01
2.286690210366136844e-01
3.520324079483959090e-01
2.779515726143505505e-02
3.301440212046535816e-01
1.091197293389742917e-01
1.335652391476447320e-01
6.723154385522835952e-01
1.856349552712897588e-01
4.490233831905833806e-01
4.254112655657512065e-01
3.311365461289168532e-01
2.315105859300239377e-01
1.995888842476826186e-01
4.144315943629843790e-01
6.487876260225967640e-01
7.149447074424106763e-01
4.448834791418048162e-01
4.318214974207899015e-01
5.080964648543576656e-01
6.949679631860911089e-01
4.992627254726476616e-01
2.901256681167292406e-01
9.214653638110996692e-01
3.537973821307273115e-01
3.611594762996051533e-01
3.816172833913562545e-01
4.631276673512252917e-01
4.643927403469761406e-01
4.500964487292173355e-01
3.196013939653231661e-01
2.321439836146145241e-01
2.749563569474817726e-01
7.275712287134419309e-01
6.333502520796555624e-01
5.635230910679378535e-01
3.805958725034825907e-01
8.144100596173374784e-01
3.025700108168865587e-01
2.895709211383305504e-01
2.732045413537639855e-01
6.681905349864090127e-01
4.196788827002037037e-01
8.217569947903572425e-01
2.623991396962720435e-01
4.323847379717858930e-01
9.253502081644632282e-02
5.671479628103964776e-01
7.431042567181248559e-01
1.592791388161469701e-01
3.187337807334406081e-01
2.819506493831285265e-01
7.782871124142038965e-01
4.672009320841673530e-01
4.465567128226196059e-01
5.019043378180900739e-01
5.593397370079636888e-01
9.304882845011992476e-01
3.435004481345154681e-01
3.236342530419875629e-01
2.555701908486542884e-01
2.254046035084870669e-01
5.257674307042611295e-01
3.618275197232321272e-01
7.019707798377089469e-01
5.462252293613967247e-01
1.872668943305845213e-01
4.443678634740788058e-01
3.910425820138209163e-01
4.160150529901632255e-01
3.892007479794711289e-01
1.757216655369400193e-01
2.992065249844184094e-01
5.598141688630666746e-01
5.907571101576123418e-01
4.167016753504833582e-01
7.062172401686389600e-01
5.872844268000975143e-01
6.705560936090049218e-01
2.534747478489454697e-01
6.816825306671395746e-01
4.730913769436408400e-01
2.104852040342763964e-01
3.283233288262364935e-01
1.098046903706142441e-01
5.288945029953606713e-01
2.636623904203433955e-01
3.320041487414572834e-01
3.633948250152208015e-01
3.019229421339627573e-01
1.211199465926993124e-01
3.868002773207384615e-01
7.256306099338212245e-01
1.152631354889215309e-01
4.739630197911357534e-01
7.759913395282385107e-01
1.619573164740658600e-01
1.440091590204161665e-01
1.165450190976358158e-01
6.299141903294247502e-01
7.970534788685541550e-01
4.619591457352474895e-01
4.607368155783074237e-01
9.702107068388782229e-02
6.437352418339985505e-01
6.603669214172386281e-01
2.654734657933855435e-01
2.884238593749125501e-01
1.232856951853086303e-01
2.247793761467785645e-01
4.945569314501310765e-01
2.677150677981955385e-01
3.424629924275541804e-01
8.414936683523821515e-01
3.740456385966223207e-01
1.825829235637956849e-01
4.028826644541485535e-01
2.622539112310772746e-01
4.328482032677167801e-01
1.336903980230138567e-01
6.624947927000045533e-01
2.790197404937086456e-01
1.976042326487751910e-01
5.998673452948007911e-01
2.646447277838900325e-01
2.472470852189427859e-01
3.262772811155953967e-01
1.075599203054611319e-01
5.516383769080308586e-01
1.000377218615114416e-01
5.549578875329536087e-01
9.526564084863126114e-02
3.725726291389985234e-01
2.797186141321208463e-01
2.497933438950449836e-01
8.356549047445311906e-01
2.200646971379682793e-01
3.264202936741938954e-01
4.708246573845415450e-01
6.622341659283915716e-01
6.651129657671711604e-01
4.092969058829530882e-01
1.180616459530308138e-01
3.105570238179720111e-01
6.629415621284356908e-02
6.949798340195558755e-01
2.971535719566099076e-01
6.723205884016369982e-01
5.085723230593547362e-01
2.855044067269836838e-01
2.206495551381294495e-01
8.724331661175471764e-02
4.306209928218813765e-01
6.770719377772029812e-01
1.471619349524865283e-01
4.182779524535455984e-01
4.267327880918148075e-01
5.350043560175832269e-01
6.484154638676873361e-01
3.554184599351648544e-01
1.246734920197017926e-01
2.345659244045085745e-01
1.886162775650690460e-02
4.672531602958924779e-01
8.842287813847942157e-01
9.973039557488805329e-02
6.440056182640593319e-01
7.061504787531187599e-01
1.371252404596979835e-01
8.375654221764113894e-01
4.161712804766410367e-01
4.328982603916280425e-01
5.629597680580102903e-01
4.595719425943868841e-01
3.871067797513612074e-01
2.210405823336774045e-01
6.351485846124398371e-01
2.499642718120643758e-01
6.900910233026011920e-01
3.285806009008057638e-01
7.369065196212563063e-01
1.004547035164758406e-01
2.127185653219703654e-01
3.639714012857134806e-01
2.167900061806561918e-01
9.871740567475151273e-02
3.521904204635781244e-01
9.461666629013676388e-02
2.445021126671981238e-01
7.541253730544272837e-01
3.966604347263013031e-01
3.066546564203608272e-01
1.623148834471796476e-01
1.397159877615201662e-01
6.452551032125498631e-01
2.412684192402965166e-01
3.541963344842524730e-01
6.561334766811492969e-01
5.669888258312911766e-01
2.637596838532035859e-02
7.899461609561719833e-02
4.013446197099239665e-01
1.516343230579332291e-01
6.269985671532569693e-01
3.646193836791927212e-01
4.918050216348933690e-01
3.984537310634357343e-01
4.839031388080740070e-01
4.214649022541105405e-01
8.353835741362958256e-02
1.074266539693622402e-01
1.683087869641043954e-01
2.211702530447425263e-01
6.145307528839304423e-01
3.841735446033465728e-01
1.988674695854987240e-01
3.986154286941782643e-01
3.250740263296433286e-01
6.811335889211237449e-01
1.579584685665816890e-01
4.511933596577593075e-01
5.973597380887063490e-01
